20160104
20160105
20160106
20160107
20160108
20160111
20160112
20160113
20160114
20160115
20260401
20260402
20260403
20260406
20260407
20260408
20260409
20260410
20260413
20260414
20260415
20260416
20260417
20260420
20260421
20260422
20260423
20260424
20260427
20260428
20260429
20260430
20260501
20260504
20260505
20260506
20260507
20260508
20260511
20260512
20260513
20260514
20260515
20260518
20260519
20260520
20260521
20260522
20260629
20260630
20260701
20260702
20260703
20260706
20260707
20260708
20260709
20260710
20260713
20260714
20260715
20260716
20260717
20260720
20260721
20260722
20260723
20260724
20260727
20260728
20260729
20260730
20260731
20260803
20260804
20260805
20260806
20260807
20260810
20260811
20260812
20260813
20260814
20260817
20260818
20260819
20260820
20260821
20260824
20260825
20260826
20260827
20260828
20260831
20260901
20260902
20260903
20260904
20260907
20260908
20260909
20260910
20260911
20260914
20260915
20260916
20260917
20260918
20260921
20260922
20260923
20260924
20260925
20260928
20260929
20260930
20261001
20261002
20261005
20261006
